1
4
19
24
32
49
69
82
83
90
94
95
116
119
123
141
153
158
164
182
189
221
235
259
262
271
296
299
302
303
305
324
328
335
356
378
381
393
408
410
412
424
425
433
441
460
476
479
486
488
507
522
538
546
548
558
559
564
568
572
574
603
642
653
687
689
694
704
707
708
711
721
734
738
740
751
756
772
783
802
806
812
827
830
831
835
836
853
865
885
894
896
903
909
918
920
938
957
970
977
982
992
993
1008
1023
1034
1050
1054
1055
1063
1078
1085
1086
1088
1105
1107
1119
1123
1128
1130
1137
1141
1144
1145
1149
1155
1162
1181
1184
1192
1196
1208
1209
1215
1220
1225
1252
1255
1261
1264
1271
1277
1280
1290
1298
1299
1331
1351
1376
1387
1411
1416
1422
1437
1438
1449
1461
1464
1466
1468
1472
1476
1491
1495
1497
1506
1552
1571
1592
1615
1617
1619
1621
1650
1655
1668
1671
1689
1704
1710
1718
1733
1740
1747
1756
1772
1774
1787
1794
1800
1805
1806
1818
1819
1828
1840
1862
1864
1865
1877
1887
1891
1897
1903
1917
1922
1938
1942
1943
1949
1951
1957
1959
1971
1985
1997
2001
2003
2005
2008
2024
2033
2038
2065
2076
2082
2083
2087
2091
2126
2136
2137
2139
2142
2166
2172
2176
2181
2184
2197
2212
2224
2235
2237
2242
2259
2281
2289
2308
2310
2312
2319
2336
2338
2339
2340
2342
2353
2360
2365
2374
2384
2399
2400
2401
2409
2410
2422
2423
2433
2440
2448
2456
2457
2466
2471
2472
2479
2501
2512
2514
2517
2520
2521
2540
2550
2561
2575
2582
2584
2593
2599
2631
2645
2649
2667
2668
2677
2681
2689
2691
2694
2703
2706
2718
2729
2736
2742
2767
2775
2780
2788
2789
2795
2811
2815
2836
2841
2851
2867
2876
2880
2884
2887
2894
2898
2905
2916
2924
2927
2980
2997
3005
3015
3027
3032
3042
3055
3060
3074
3089
3092
3107
3108
3123
3129
3131
3132
3151
3152
3159
3160
3173
3195
3197
3199
3205
3218
3228
3231
3234
3239
3257
3272
3276
3294
3313
3335
3365
3379
3390
3392
3396
3397
3398
3402
3409
3414
3435
3438
3446
3450
3452
3463
3464
3465
3468
3472
3528
3534
3560
3572
3584
3618
3627
3641
3649
3669
3685
3700
3702
3714
3727
3739
3740
3773
3779
3799
3800
3805
3811
3813
3814
3819
3827
3839
3844
3845
3849
3853
3871
3895
3907
3914
3916
3922
3926
3937
3980
3988
3999
4003
4021
4036
4039
4057
4058
4061
4062
4077
4082
4086
4091
4092
4131
4151
4156
4158
4159
4177
4181
4187
4191
4209
4212
4225
4236
4270
4273
4294
4321
4324
4333
4334
4349
4357
4367
4373
4394
4395
4407
4409
4413
4418
4419
4420
4427
4431
4436
4439
4465
4466
4477
4480
4492
4509
4512
4520
4522
4526
4529
4535
4547
4548
4554
4566
4569
4573
4587
4593
4615
4617
4619
4624
4646
4650
4657
4670
4674
4677
4692
4702
4710
4716
4732
4742
4749
4773
4785
4790
4794
4806
4807
4812
4817
4834
4837
4844
4867
4885
4904
4910
4916
4923
4929
4942
4952
4963
4966
4981
4987
4992
5001
5005
5012
5018
5020
5026
5033
5036
5040
5044
5061
5064
5068
5073
5078
5083
5097
5115
5119
5142
5146
5149
5204
5212
5222
5228
5256
5259
5264
5271
5279
5295
5304
5306
5309
5313
5318
5330
5348
5358
5359
5393
5426
5428
5432
5434
5436
5459
5499
5524
5531
5534
5541
5543
5552
5561
5586
5587
5592
5596
5603
5618
5623
5638
5659
5660
5664
5665
5672
5686
5707
5720
5734
5748
5757
5769
5773
5774
5778
5779
5788
5789
5798
5800
5802
5803
5813
5816
5818
5823
5841
5851
5859
5864
5867
5869
5870
5878
5899
5911
5936
5943
5954
5966
5974
5981
5984
5994
5997
6013
6015
6021
6024
6025
6036
6042
6073
6082
6088
6102
6104
6111
6112
6129
6132
6139
6143
6148
6159
6161
6174
6197
6205
6210
6215
6250
6254
6255
6277
6279
6286
6317
6334
6339
6354
6362
6382
6400
6409
6414
6421
6428
6444
6456
6457
6468
6497
6511
6514
6518
6519
6546
6554
6566
6570
6578
6584
6590
6598
6600
6610
6632
6665
6672
6679
6687
6692
6698
6708
6721
6728
6745
6751
6757
6778
6782
6786
6800
6812
6837
6838
6844
6850
6855
6860
6871
6878
6882
6889
6896
6898
6917
6926
6934
6982
6989
6991
7010
7016
7022
7039
7045
7051
7056
7060
7068
7078
7090
7106
7126
7127
7132
7147
7155
7164
7183
7185
7188
7192
7208
7209
7212
7216
7227
7230
7238
7239
7242
7266
7267
7277
7278
7280
7282
7288
7298
7299
7309
7311
7317
7325
7334
7348
7367
7374
7379
7381
7389
7390
7391
7392
7409
7415
7419
7442
7462
7471
7486
7487
7489
7496
7506
7520
7541
7558
7580
7587
7588
7599
7611
7618
7627
7628
7634
7641
7644
7654
7671
7683
7699
7702
7703
7709
7723
7724
7751
7767
7798
7806
7811
7823
7824
7826
7829
7840
7848
7854
7862
7888
7896
7911
7944
7962
7963
7970
7973
7978
8000
8003
8011
8025
8028
8043
8065
8070
8077
8081
8083
8085
8088
8089
8108
8111
8139
8157
8159
8161
8169
8200
8215
8227
8229
8235
8238
8241
8242
8250
8252
8256
8263
8268
8270
8296
8297
8300
8330
8384
8394
8410
8411
8412
8425
8432
8434
8455
8483
8484
8485
8488
8490
8505
8515
8538
8541
8559
8561
8605
8606
8615
8627
8632
8634
8638
8653
8654
8659
8665
8674
8681
8692
8693
8697
8708
8712
8720
8730
8737
8750
8779
8786
8793
8794
8801
8805
8813
8843
8859
8873
8884
8889
8891
8896
8904
8921
8962
8964
8973
8980
8983
8985
9000
9017
9018
9027
9032
9035
9040
9050
9071
9080
9085
9090
9110
9123
9131
9133
9157
9183
9191
9203
9222
9245
9255
9267
9273
9278
9282
9333
9335
9337
9339
9348
9361
9372
9391
9413
9425
9454
9464
9482
9503
9517
9518
9542
9553
9557
9561
9572
9583
9588
9590
9627
9630
9636
9638
9645
9654
9667
9675
9678
9716
9718
9734
9740
9749
9774
9782
9783
9785
9789
9817
9827
9843
9851
9853
9858
9859
9864
9872
9874
9876
9890
9897
9921
9922
9933
9944
9957
9966
9967
9973
9978
9980
9992
10006
10009
10010
10012
10022
10026
10027
10038
10041
10044
10058
10063
10068
10090
10099
10109
10110
10111
10122
10129
10132
10135
10136
10151
10155
10163
10193
10198
10204
10214
10223
10224
10225
10227
10233
10234
10238
10241
10244
10265
10269
10270
10289
10295
10300
10314
10325
10328
10336
10337
10342
10347
10350
10364
10380
10382
10401
10402
10412
10413
10424
10425
10440
10441
10442
10447
10449
10460
10468
10478
10484
10492
10499
10504
10511
10527
10570
10602
10635
10646
10673
10674
10675
10679
10683
10693
10703
10707
10725
10728
10759
10763
10771
10787
10795
10805
10827
10845
10856
10859
10875
10882
10888
10892
10895
10899
10900
10903
10905
10906
10912
10929
10934
10946
10947
10950
10959
10960
10962
10980
10988
11000
11025
11026
11038
11050
11068
11073
11074
11100
11110
11139
11141
11165
11168
11171
11174
11176
11193
11202
11213
11219
11236
11258
11268
11276
11288
11292
11303
11313
11314
11337
11355
11363
11365
11369
11381
11391
11396
11399
11407
11415
11429
11439
11442
11449
11457
11466
11468
11483
11484
11492
11502
11508
11509
11512
11529
11557
11572
11581
11599
11604
11615
11629
11634
11669
11677
11690
11705
11712
11724
11738
11764
11793
11803
11830
11838
11861
11880
11887
11919
11920
11939
11944
11945
11954
11959
12012
12046
12049
12058
12062
12087
12088
12091
12119
12123
12125
12127
12130
12175
12183
12188
12192
12197
12199
12210
12217
12218
12238
12261
12280
12281
12282
12283
12286
12290
12297
12324
12330
12336
12339
12377
12386
12398
12405
12407
12426
12429
12448
12455
12461
12466
12470
12472
12490
12519
12526
12547
12548
12573
12587
12592
12598
12600
12603
12606
12615
12616
12645
12661
12667
12685
12691
12713
12724
12726
12741
12746
12771
12778
12782
12807
12810
12819
12824
12828
12840
12850
12855
12857
12863
12865
12869
12876
12883
12898
12906
12911
12917
12951
12961
12977
12978
12993
12995
13006
13020
13034
13038
13045
13058
13069
13082
13088
13094
13095
13096
13104
13114
13115
13131
13155
13178
13204
13207
13209
13220
13225
13245
13252
13254
13268
13282
13292
13298
13312
13321
13337
13344
13346
13360
13364
13370
13372
13395
13407
13422
13425
13434
13446
13476
13479
13487
13500
13505
13510
13512
13521
13530
13534
13541
13566
13574
13577
13588
13594
13595
13618
13640
13641
13662
13687
13693
13713
13718
13720
13721
13730
13746
13767
13770
13797
13806
13811
13812
13816
13823
13826
13841
13852
13854
13858
13864
13883
13885
13892
13896
13939
13944
13948
13949
13954
13960
13963
13974
13985
13991
14020
14025
14028
14029
14031
14050
14059
14063
14064
14065
14071
14081
14083
14087
14101
14112
14116
14124
14132
14136
14153
14156
14163
14172
14173
14189
14216
14224
14235
14252
14260
14271
14281
14284
14287
14289
14299
14309
14322
14332
14342
14366
14367
14372
14373
14390
14406
14438
14449
14452
14454
14461
14464
14472
14489
14497
14502
14515
14534
14550
14561
14570
14597
14632
14633
14635
14649
14678
14684
14698
14699
14715
14729
14732
14739
14760
14767
14775
14783
14803
14807
14819
14822
14824
14826
14867
14876
14886
14894
14898
14904
14905
14913
14939
14940
14954
14966
14970
14974
14980
14991
14996
15012
15013
15046
15079
15083
15088
15096
15103
15109
15114
15122
15124
15135
15148
15154
15158
15165
15167
15168
15178
15180
15192
15227
15240
15241
15245
15252
15258
15261
15263
15268
15283
15286
15288
15294
15298
15316
15324
15334
15335
15343
15392
15407
15411
15426
15437
15453
15454
15460
15466
15475
15480
15485
15486
15502
15535
15540
15564
15566
15577
15585
15593
15605
15618
15645
15658
15669
15687
15688
15694
15696
15708
15710
15713
15722
15727
15730
15749
15764
15770
15771
15779
15785
15797
15800
15801
15804
15811
15833
15845
15850
15864
15867
15871
15876
15877
15881
15883
15902
15905
15906
15909
15910
15917
15924
15947
15968
15972
15990
16010
16011
16014
16016
16030
16056
16060
16086
16103
16104
16107
16111
16126
16138
16154
16160
16163
16166
16168
16169
16174
16180
16210
16224
16238
16240
16260
16264
16268
16270
16291
16295
16341
16347
16354
16374
16409
16422
16430
16450
16455
16469
16472
16474
16478
16480
16486
16496
16499
16506
16515
16521
16539
16544
16549
16550
16563
16572
16574
16585
16586
16592
16595
16598
16604
16610
16612
16615
16619
16630
16636
16637
16642
16644
16683
16685
16700
16708
16711
16712
16713
16749
16754
16759
16766
16776
16795
16804
16821
16830
16841
16849
16862
16865
16874
16884
16892
16918
16930
16949
16953
16965
16976
16988
16993
17000
17001
17029
17038
17043
17051
17053
17060
17069
17078
17079
17089
17109
17112
17115
17144
17154
17182
17187
17190
17201
17207
17210
17219
17231
17234
17244
17250
17278
17290
17294
17299
17303
17307
17316
17325
17331
17345
17354
17365
17376
17379
17381
17398
17436
17439
17465
17480
17502
17509
17532
17552
17560
17595
17596
17610
17616
17618
17631
17641
17642
17643
17653
17658
17700
17709
17711
17714
17715
17716
17722
17724
17726
17742
17744
17760
17767
17770
17792
17807
17813
17841
17863
17872
17899
17901
17931
17932
17949
17950
17953
17965
17969
17976
17980
17983
17984
17997
18022
18025
18033
18047
18057
18059
18087
18110
18117
18124
18135
18137
18152
18153
18154
18156
18165
18167
18169
18170
18171
18173
18178
18182
18187
18204
18221
18227
18230
18264
18276
18280
18296
18297
18304
18324
18326
18327
18331
18354
18356
18357
18370
18387
18390
18399
18400
18419
18450
18452
18456
18466
18549
18557
18561
18572
18583
18595
18602
18605
18610
18635
18643
18646
18648
18653
18660
18669
18670
18692
18699
18713
18714
18716
18727
18729
18735
18744
18769
18770
18774
18780
18786
18806
18809
18823
18838
18843
18845
18850
18856
18859
18860
18869
18870
18880
18892
18932
18935
18937
18953
18955
18981
19004
19013
19025
19048
19068
19077
19080
19092
19141
19157
19173
19178
19194
19198
19206
19208
19244
19255
19266
19279
19290
19313
19331
19339
19341
19345
19361
19364
19369
19373
19377
19380
19382
19408
19414
19423
19426
19442
19445
19470
19472
19475
19501
19502
19506
19535
19546
19548
19560
19563
19581
19582
19598
19605
19607
19610
19629
19630
19646
19654
19669
19672
19686
19701
19709
19721
19735
19752
19755
19773
19774
19776
19785
19788
19792
19826
19832
19849
19870
19882
19894
19903
19924
19927
19948
19950
19951
19970
19974
19995
20025
20028
20046
20049
20050
20051
20059
20065
20066
20069
20092
20102
20114
20116
20129
20131
20144
20150
20152
20162
20163
20164
20182
20185
20192
20199
20201
20211
20234
20242
20243
20247
20248
20262
20271
20274
20280
20283
20287
20296
20299
20303
20314
20317
20335
20349
20353
20363
20366
20382
20384
20392
20397
20409
20410
20414
20430
20436
20438
20439
20458
20462
20465
20497
20519
20541
20544
20552
20567
20574
20575
20600
20607
20609
20622
20628
20629
20660
20673
20680
20681
20688
20689
20690
20698
20711
20712
20735
20754
20757
20771
20795
20801
20812
20840
20841
20842
20850
20886
20891
20898
20919
20925
20934
20935
20939
20944
20950
20956
21008
21009
21010
21014
21019
21041
21058
21059
21064
21065
21069
21073
21085
21089
21091
21097
21098
21105
21130
21139
21148
21154
21159
21161
21173
21198
21206
21220
21245
21260
21270
21273
21300
21303
21308
21317
21319
21321
21322
21342
21347
21351
21352
21369
21376
21386
21411
21414
21429
21437
21439
21440
21455
21465
21484
21490
21492
21511
21543
21544
21550
21558
21560
21564
21589
21591
21607
21613
21618
21621
21624
21625
21634
21645
21647
21656
21668
21683
21689
21694
21709
21719
21736
21751
21798
21829
21845
21847
21855
21859
21862
21878
21888
21889
21895
21909
21921
21935
21962
21967
21970
22000
22005
22014
22016
22022
22030
22042
22052
22054
22058
22061
22070
22073
22077
22087
22088
22092
22102
22106
22122
22140
22148
22166
22176
22181
22195
22196
22198
22236
22248
22261
22268
22271
22285
22292
22295
22296
22301
22303
22348
22352
22368
22375
22377
22380
22383
22401
22406
22414
22418
22438
22441
22460
22467
22471
22476
22478
22482
22483
22494
22507
22508
22519
22525
22526
22533
22556
22560
22569
22579
22586
22591
22596
22602
22621
22649
22652
22673
22676
22679
22699
22730
22759
22769
22781
22798
22800
22828
22850
22851
22857
22860
22861
22866
22880
22890
22895
22896
22901
22928
22945
22972
22982
22983
22985
22997
23009
23032
23039
23050
23062
23065
23076
23081
23085
23104
23106
23111
23116
23118
23141
23144
23159
23165
23167
23177
23210
23212
23233
23261
23281
23284
23302
23313
23332
23344
23349
23371
23397
23398
23401
23418
23424
23443
23452
23454
23456
23470
23496
23497
23503
23539
23564
23593
23638
23649
23651
23655
23656
23664
23672
23677
23686
23692
23698
23718
23730
23731
23749
23757
23761
23773
23780
23785
23804
23819
23823
23831
23835
23841
23843
23847
23851
23870
23891
23892
23893
23895
23896
23905
23920
23929
23930
23933
23934
23940
23953
23957
23960
23972
23980
23996
24015
24054
24063
24065
24100
24136
24150
24160
24167
24169
24176
24179
24192
24203
24208
24228
24265
24271
24272
24275
24285
24288
24296
24299
24312
24313
24314
24322
24328
24329
24331
24353
24354
24361
24365
24377
24381
24384
24385
24389
24400
24401
24403
24413
24419
24422
24442
24449
24450
24453
24456
24457
24461
24463
24470
24480
24481
24483
24488
24495
24513
24525
24533
24538
24542
24547
24561
24571
24600
24609
24619
24652
24661
24668
24693
24705
24724
24729
24747
24791
24814
24823
24828
24849
24852
24853
24860
24863
24867
24874
24876
24880
24881
24882
24888
24891
24898
24916
24925
24929
24939
24942
24943
24955
24958
24961
24971
24985
24994
25001
25002
25035
25039
25052
25069
25096
25104
25122
25131
25138
25140
25153
25162
25165
25176
25184
25185
25190
25191
25214
25219
25225
25249
25261
25263
25286
25287
25297
25316
25343
25374
25379
25443
25473
25484
25497
25504
25526
25536
25550
25553
25558
25568
25571
25602
25612
25635
25638
25668
25669
25675
25687
25688
25700
25718
25733
25745
25751
25755
25766
25772
25790
25791
25805
25807
25809
25812
25818
25819
25822
25839
25849
25856
25857
25860
25861
25864
25874
25876
25882
25900
25905
25906
25913
25914
25919
25927
25928
25933
25985
25996
26011
26027
26039
26052
26053
26060
26061
26079
26095
26099
26102
26103
26108
26109
26122
26123
26137
26149
26166
26167
26177
26183
26197
26205
26210
26217
26253
26257
26270
26283
26300
26302
26305
26309
26310
26318
26324
26369
26381
26396
26402
26405
26415
26421
26433
26436
26443
26445
26452
26458
26462
26474
26483
26484
26489
26495
26506
26523
26531
26579
26582
26597
26606
26624
26628
26633
26639
26659
26668
26671
26681
26684
26708
26718
26735
26757
26759
26778
26806
26807
26810
26838
26859
26869
26875
26878
26892
26896
26912
26920
26928
26940
26944
26947
26949
26954
26959
26965
26967
26968
26976
26982
26989
27044
27046
27052
27062
27074
27079
27086
27088
27089
27103
27107
27110
27112
27115
27121
27125
27126
27136
27147
27150
27152
27162
27173
27200
27206
27211
27217
27218
27271
27304
27335
27339
27351
27356
27361
27375
27382
27404
27414
27493
27495
27497
27508
27516
27529
27543
27553
27555
27565
27573
27574
27587
27600
27601
27618
27663
27674
27691
27703
27753
27754
27777
27778
27798
27812
27826
27837
27873
27890
27896
27923
27945
27947
27956
27957
27979
27982
27986
27988
27991
27993
28011
28017
28021
28022
28055
28078
28101
28114
28122
28132
28137
28141
28163
28169
28177
28196
28218
28221
28239
28241
28247
28248
28250
28252
28259
28269
28271
28272
28273
28274
28279
28285
28289
28317
28320
28322
28341
28352
28359
28369
28372
28373
28390
28394
28400
28422
28443
28494
28495
28498
28507
28518
28532
28535
28555
28562
28578
28580
28585
28587
28603
28608
28657
28664
28681
28683
28696
28697
28720
28747
28750
28753
28780
28801
28803
28821
28831
28854
28903
28913
28919
28927
28931
28952
28963
28971
28973
28974
29008
29022
29059
29101
29103
29110
29140
29142
29147
29156
29166
29168
29190
29195
29208
29239
29248
29268
29269
29271
29274
29277
29279
29297
29304
29308
29316
29335
29344
29368
29369
29378
29385
29387
29390
29394
29409
29417
29419
29421
29447
29450
29459
29472
29475
29489
29497
29498
29504
29506
29509
29525
29541
29563
29577
29582
29583
29606
29619
29638
29644
29653
29694
29696
29722
29734
29743
29756
29773
29796
29799
29810
29814
29815
29817
29818
29832
29833
29835
29864
29868
29882
29888
29892
29910
29919
29924
29930
29960
29963
29965
29971
29996
29997
29999
30002
30006
30017
30050
30055
30058
30077
30079
30083
30086
30097
30117
30124
30147
30168
30173
30182
30192
30199
30200
30207
30241
30248
30252
30264
30272
30290
30292
30296
30305
30323
30326
30337
30351
30354
30361
30371
30386
30395
30396
30405
30408
30417
30419
30440
30468
30505
30508
30524
30526
30542
30545
30546
30553
30555
30557
30566
30580
30606
30607
30611
30614
30617
30631
30632
30663
30666
30667
30670
30671
30693
30708
30720
30725
30728
30732
30736
30753
30765
30768
30777
30779
30781
30785
30796
30815
30818
30823
30854
30858
30872
30885
30939
30942
30945
30948
30949
30958
30977
30983
31011
31020
31023
31034
31052
31053
31056
31057
31060
31062
31071
31072
31087
31097
31120
31126
31129
31143
31147
31157
31169
31170
31174
31183
31190
31197
31209
31213
31226
31242
31246
31247
31269
31272
31273
31282
31295
31316
31329
31331
31349
31356
31357
31359
31365
31384
31385
31404
31413
31420
31434
31453
31458
31461
31463
31477
31478
31480
31483
31491
31509
31520
31523
31526
31540
31549
31558
31564
31580
31586
31592
31596
31601
31609
31616
31618
31630
31637
31644
31648
31651
31659
31663
31671
31672
31687
31690
31691
31700
31702
31708
31709
31712
31721
31723
31727
31736
31738
31754
31755
31760
31786
31794
31812
31818
31838
31855
31860
31866
31901
31903
31904
31910
31912
31919
31920
31927
31930
31939
31941
31953
31954
31977
31988
31993
31998
32001
32023
32057
32072
32077
32114
32116
32160
32187
32188
32221
32238
32252
32256
32266
32271
32281
32283
32305
32308
32320
32323
32332
32334
32346
32355
32368
32369
32370
32399
32400
32402
32423
32439
32447
32449
32478
32480
32483
32487
32488
32493
32507
32513
32516
32522
32532
32546
32567
32573
32585
32588
32597
32598
32606
32610
32618
32661
32670
32686
32701
32713
32715
32742
32749
32755
32758
32805
32810
32840
32874
32897
32915
32926
32936
32950
32952
32953
32961
32970
32976
32984
33006
33025
33044
33075
33099
33102
33104
33122
33136
33139
33149
33153
33199
33200
33208
33221
33238
33239
33241
33243
33247
33259
33271
33278
33301
33311
33350
33375
33388
33394
33415
33417
33428
33431
33432
33451
33461
33464
33482
33508
33518
33524
33525
33527
33541
33547
33564
33568
33584
33585
33586
33591
33596
33598
33618
33628
33662
33668
33672
33677
33678
33683
33695
33703
33712
33719
33724
33746
33750
33763
33775
33781
33789
33795
33797
33818
33823
33825
33827
33835
33838
33861
33869
33882
33888
33902
33903
33927
33937
33950
33964
33967
33992
33993
33998
34004
34006
34011
34020
34023
34040
34046
34052
34062
34063
34064
34081
34092
34096
34111
34113
34116
34125
34127
34141
34142
34170
34198
34200
34206
34216
34223
34225
34230
34249
34260
34266
34305
34334
34339
34363
34367
34370
34376
34377
34380
34409
34423
34446
34451
34457
34466
34479
34493
34502
34516
34552
34573
34575
34593
34602
34603
34609
34615
34626
34633
34634
34639
34649
34668
34675
34681
34698
34741
34745
34761
34766
34777
34791
34792
34799
34807
34812
34818
34839
34844
34846
34848
34850
34871
34874
34895
34900
34901
34907
34908
34919
34924
34925
34929
34938
34940
34951
34972
34981
34998
35006
35038
35041
35045
35047
35051
35059
35066
35079
35081
35133
35136
35149
35156
35159
35161
35164
35192
35196
35204
35217
35221
35228
35251
35262
35268
35285
35286
35287
35295
35296
35302
35319
35323
35330
35363
35364
35376
35397
35401
35402
35462
35465
35467
35470
35513
35545
35561
35570
35589
35591
35606
35637
35645
35652
35657
35662
35671
35672
35686
35715
35716
35740
35744
35746
35758
35767
35800
35803
35814
35837
35854
35856
35867
35879
35887
35888
35892
35902
35913
35920
35925
35931
35936
35969
35981
35982
35986
35988
35998
36010
36019
36051
36053
36060
36072
36079
36096
36099
36113
36124
36131
36147
36178
36196
36199
36234
36251
36259
36272
36285
36293
36316
36337
36379
36386
36402
36451
36462
36465
36471
36481
36532
36533
36549
36552
36555
36556
36572
36587
36619
36626
36646
36677
36691
36702
36713
36716
36724
36744
36755
36765
36782
36785
36789
36794
36799
36819
36821
36830
36861
36863
36872
36909
36917
36921
36923
36926
36932
36937
36961
36987
36989
36997
36998
37001
37005
37017
37019
37029
37058
37059
37061
37065
37066
37081
37102
37119
37126
37128
37142
37158
37159
37167
37176
37187
37203
37210
37215
37228
37235
37252
37258
37266
37267
37274
37287
37300
37316
37318
37343
37364
37371
37380
37382
37390
37397
37405
37412
37415
37416
37421
37426
37441
37443
37447
37451
37461
37471
37476
37524
37585
37590
37603
37620
37628
37631
37666
37678
37698
37702
37719
37731
37756
37763
37775
37794
37799
37805
37830
37848
37868
37875
37877
37879
37900
37914
37932
37957
37962
37978
37979
37988
37991
38006
38020
38034
38037
38040
38064
38078
38112
38113
38117
38129
38132
38138
38159
38170
38179
38206
38210
38231
38233
38255
38276
38299
38312
38339
38370
38385
38393
38396
38408
38409
38417
38434
38441
38461
38505
38511
38519
38535
38564
38653
38656
38666
38674
38682
38690
38726
38728
38735
38738
38743
38744
38753
38756
38766
38783
38809
38818
38853
38859
38876
38881
38891
38906
38907
38909
38916
38922
38939
38941
38942
38945
38946
38951
38958
38976
38980
38998
39000
39002
39007
39013
39015
39043
39063
39064
39067
39078
39080
39087
39097
39104
39109
39114
39120
39131
39134
39140
39142
39144
39152
39168
39190
39194
39200
39212
39215
39218
39247
39249
39254
39269
39288
39295
39297
39308
39309
39310
39349
39362
39368
39370
39374
39375
39378
39380
39383
39389
39390
39398
39400
39409
39410
39427
39440
39446
39448
39456
39477
39482
39487
39490
39502
39504
39507
39531
39545
39548
39554
39564
39581
39590
39592
39600
39636
39650
39655
39665
39676
39690
39701
39728
39753
39764
39788
39798
39830
39835
39836
39839
39844
39856
39859
39863
39876
39880
39888
39894
39920
39922
39935
39938
39940
39954
39967
39969
39980
39981
39983
39987
39998
40000
40013
40022
40026
40042
40044
40054
40060
40084
40086
40093
40109
40124
40147
40161
40177
40182
40190
40193
40195
40220
40227
40230
40232
40240
40256
40271
40276
40285
40292
40294
40315
40359
40366
40368
40418
40431
40433
40449
40452
40471
40486
40489
40501
40521
40528
40531
40538
40546
40547
40548
40550
40554
40564
40573
40577
40592
40595
40598
40600
40612
40615
40666
40686
40696
40699
40722
40729
40731
40745
40746
40752
40764
40766
40791
40803
40810
40811
40820
40821
40840
40849
40851
40859
40921
40931
40938
40942
40947
40967
40993
41013
41021
41026
41030
41031
41045
41051
41063
41064
41075
41082
41084
41093
41099
41103
41108
41117
41124
41142
41174
41197
41211
41212
41218
41219
41243
41247
41251
41275
41280
41302
41309
41314
41318
41322
41323
41337
41352
41365
41376
41388
41393
41395
41398
41414
41416
41441
41448
41488
41498
41511
41514
41524
41541
41544
41564
41577
41595
41606
41613
41619
41621
41625
41634
41644
41645
41650
41652
41659
41660
41664
41668
41674
41676
41677
41693
41703
41711
41728
41732
41733
41798
41811
41812
41818
41821
41826
41828
41830
41856
41872
41891
41897
41900
41908
41913
41920
41921
41927
41936
41944
41951
41955
41961
41962
41984
41986
41989
42014
42034
42049
42050
42057
42064
42065
42092
42096
42103
42144
42148
42154
42157
42160
42166
42198
42201
42205
42208
42217
42239
42251
42261
42269
42272
42279
42305
42306
42307
42308
42318
42335
42338
42356
42359
42364
42387
42404
42421
42436
42449
42457
42458
42472
42473
42492
42509
42520
42521
42528
42557
42561
42576
42584
42600
42611
42619
42621
42624
42630
42632
42633
42645
42665
42695
42701
42702
42718
42729
42730
42736
42738
42789
42792
42809
42818
42825
42830
42831
42842
42850
42853
42888
42892
42895
42896
42905
42914
42922
42924
42933
42940
42962
42979
43010
43021
43025
43042
43046
43054
43070
43074
43098
43101
43109
43112
43117
43123
43126
43129
43150
43157
43160
43161
43175
43189
43197
43213
43216
43223
43224
43259
43291
43304
43315
43321
43357
43359
43368
43370
43372
43390
43394
43418
43423
43426
43429
43452
43461
43467
43491
43492
43522
43544
43554
43564
43565
43566
43579
43581
43605
43621
43639
43654
43658
43659
43661
43665
43668
43689
43692
43697
43703
43708
43716
43732
43738
43740
43742
43745
43747
43753
43766
43768
43770
43775
43791
43801
43810
43812
43821
43830
43840
43860
43883
43891
43900
43910
43914
43928
43948
43960
43962
43974
43977
43983
43997
44000
44024
44040
44041
44043
44048
44049
44052
44081
44124
44133
44152
44156
44157
44160
44162
44163
44164
44165
44168
44192
44195
44196
44197
44207
44218
44233
44234
44235
44259
44280
44296
44315
44324
44325
44327
44329
44335
44336
44345
44388
44396
44403
44431
44450
44460
44462
44473
44475
44484
44507
44512
44513
44516
44523
44528
44545
44550
44552
44555
44578
44583
44598
44601
44611
44632
44644
44672
44693
44708
44726
44729
44734
44739
44740
44743
44749
44751
44764
44771
44772
44789
44798
44809
44830
44839
44840
44868
44873
44878
44899
44907
44918
44938
44943
44962
44971
44974
44977
44985
44986
44994
44999
